1
75
18819 84465 27449 8149 92945 69831 6300 49859 74822 91761 10914 11933 88761 31587 68914 70928 94523 53575 40564 4324 20394 93624 74215 60929 36669 30767 74843 59878 19416 48497 73252 47303 68936 28443 58918 3050 36406 78908 10909 82483 48495 46346 1115 6392 85900 17428 67548 68782 64505 38644 77622 93173 38429 70469 20497 32402 9378 47480 21727 89165 32014 91124 91786 98930 76819 92306 22179 81902 87208 86342 16112 4452 72604 90860 44228 
59542 16798 90535 58110 87733 86051 56700 1351 79751 88535 94529 61127 6108 22061 89102 18494 91408 61319 79248 6407 80604 85117 58135 71821 29298 31900 44329 56021 43312 68838 19223 83735 64770 27536 72622 69447 46537 23712 13694 71539 83566 21748 14014 73976 70896 95728 12308 27421 13987 13646 74963 61319 55030 35682 89290 12638 27645 12455 55672 77442 53297 88895 32951 64873 98672 69123 72344 99374 91775 5610 44042 7723 69574 7576 20548 
41712 48174 72785 66038 91996 44664 35537 57982 12490 79364 71868 8125 96920 63821 7909 5127 74067 88736 87891 80660 75910 92040 30514 30183 1092 88211 28786 6385 17738 36833 56583 72115 75837 65410 90079 60606 10348 92717 51307 62562 22368 97602 49501 28470 24924 39399 35265 68675 21819 67703 23209 42887 88591 35784 15806 48696 96088 32378 60602 65134 68286 13016 68028 79838 42271 7470 6481 22684 17738 69620 4069 18610 67345 96907 69036 
440 71485 83805 12807 24060 77533 61020 67897 39731 24879 78969 15398 93631 59038 43758 93787 75484 88849 46841 23969 62779 36637 85241 17249 23318 17638 86454 67767 9612 66556 99977 79754 17355 91538 29635 96481 49294 56169 96273 85845 21281 8743 12012 45232 16906 32769 5392 47981 28085 69524 48177 65371 78637 29802 34216 56723 72838 6267 75215 80636 4780 27844 75874 67968 50874 3435 59278 69498 93942 71531 71024 84652 17396 23209 38273 
41741 34375 51334 20239 56590 16731 30393 23296 24505 99256 36617 27213 81282 40194 67295 48012 96043 45491 30350 25655 59926 88173 64984 50836 67089 68378 28246 59525 98885 43072 88594 48839 52809 41014 57464 53181 817 59022 71203 4854 61067 34462 84700 6049 55639 87257 71562 70325 86698 86097 99854 49488 72625 81256 3988 65977 93229 78818 46021 7676 28300 78182 3236 6990 78021 96738 85795 77208 5398 75283 34952 62357 2047 16161 9456 
79012 95246 92042 11569 69020 87318 337 36552 28503 18675 81867 68050 86391 14354 8895 43126 76905 48122 81986 33275 29735 26353 41238 74787 66493 2235 84861 43067 59516 92986 6226 91249 20964 401 97857 41630 38539 81310 70260 64029 49285 88925 52853 5513 19130 6408 30060 98956 36529 40272 97204 91976 90000 24458 15423 94660 35837 39243 40184 61697 98795 79993 79319 77564 3727 23612 77475 64452 17688 22833 35668 38444 49402 39241 47907 
99599 61125 10931 78108 77347 96084 67239 14236 1220 46290 27910 98529 39950 34096 83414 85527 52284 96019 50324 2957 57415 11897 96436 43175 5854 33515 70265 81032 33081 92576 523 57215 19643 51694 29576 71356 64330 76115 97643 29002 44845 93366 39090 60111 2765 93615 52593 40345 21706 24560 1406 73856 13435 31794 83869 70795 8934 89855 81755 73261 20229 72423 12639 23472 83114 76960 81938 62242 34349 38663 26576 92781 77443 50851 1464 
40870 76860 74491 95507 71029 9806 35257 16352 8931 4935 88083 41881 11451 9917 44974 80225 24542 73141 72639 92627 45182 17864 95753 87929 42623 79818 72428 73320 8524 37096 28625 84293 15674 24841 64222 24574 32836 99500 39214 10347 66140 21205 78575 20505 98483 79789 55645 56618 94366 35593 60974 82142 77265 76562 94372 37555 19239 86484 3370 24044 71557 21604 4461 85359 39283 20243 78929 46766 14428 66429 4925 88568 26525 55022 26779 
84105 57056 63238 47693 59437 86699 12500 34323 62285 95501 71894 27609 55343 99899 47340 13101 90111 43035 81774 55233 36797 45694 20644 92346 44009 11944 92725 1972 34856 89221 68636 67784 98900 5274 50509 24048 52848 66216 16854 86752 50117 45203 93694 87370 55993 39254 26264 60474 99038 48574 58852 79483 97570 24833 80023 89809 17354 79925 80620 47381 93993 4803 9533 82937 12168 79279 29514 53539 60528 89171 17074 52395 16283 87194 1546 
74945 43131 6856 24992 59859 35005 13456 54241 5968 29842 84111 60127 60000 41331 11405 467 80559 39209 38155 46009 37497 2021 79538 25682 27946 26526 69002 60879 18009 77908 88194 48186 20981 60141 68954 80575 94650 3907 92495 77919 94914 17425 93130 41970 67155 49078 92680 46446 69696 67505 64758 76435 66133 38708 15870 59391 22302 48019 97647 76526 12317 10015 53872 17358 62926 97206 43620 73265 70870 38743 30733 98096 35869 64290 71684 
11509 50853 5310 29961 90099 82696 43434 21938 19706 70580 4151 41251 35672 71138 38160 17947 33162 11723 98040 51213 87424 57512 85271 23858 21821 38974 72099 29076 91159 7267 51513 17156 82603 79163 58982 24595 65088 40292 31838 35188 68831 92855 45911 96243 8611 51472 76692 31600 30018 14299 60482 38325 4708 51336 90795 61468 86139 22913 32109 69032 58597 95572 75361 70828 53310 52674 67153 18438 59068 59823 26934 72227 96949 12493 97447 
74481 27463 68103 86750 57135 96358 31578 96800 3351 49869 97094 92978 49716 64627 33532 81734 33262 54068 70351 2035 45174 15485 82198 39775 8650 20381 17377 48682 7356 57432 84498 84220 68197 80193 5247 9118 82619 56510 39430 54546 4981 9547 89958 17895 57425 74015 87674 27676 43732 74331 71284 56202 47432 86834 61259 73052 97450 56827 7871 65821 46202 86669 73829 60833 94956 23993 64163 16428 38358 38951 58267 76181 24612 22916 13371 
18452 56101 46147 34897 47103 43191 10100 21645 83883 28600 77981 72599 83215 87430 82373 76556 74551 78665 86774 77885 82960 30436 63431 6500 9017 20241 99643 39210 42570 34532 62049 29358 25314 26421 84338 12344 56087 14955 41517 23941 88987 43754 88472 353 10064 32180 49964 69359 43163 53904 86352 5630 13533 64099 22364 64669 33176 17658 9421 30121 23598 17016 8764 41205 53909 42374 92222 21646 32471 85469 14016 253 49252 63543 47555 
18343 90315 40051 11971 10305 60867 96945 96145 83881 31467 94044 5402 27641 63180 50320 17620 93391 33984 17476 83925 94231 72801 94157 16070 59253 31067 25455 67515 14872 40577 96577 33958 70558 29311 83219 43256 52271 8070 51394 93237 14181 246 27082 54105 63358 49642 82702 33164 98800 35843 98477 23328 27229 76303 54216 98124 31192 89176 64596 35489 77265 75005 44220 97185 79054 12351 20573 61712 24810 89291 67995 31969 44857 18787 36396 
68808 95408 34682 16087 31041 69289 4420 76636 47917 873 37348 76605 32800 62212 7650 13671 91617 16629 64963 36729 76466 40340 52441 80092 65060 46960 9021 58384 99489 30476 27905 43345 16405 67185 36569 98937 99870 69761 87681 75594 87626 91246 13950 66756 4933 35448 62543 49301 6192 63829 65811 3040 93157 67260 30614 23258 20586 83168 20461 31092 7037 94023 34435 96664 73623 72045 51781 62958 66896 45012 78873 64124 39851 15862 71157 
55148 60450 51713 53757 67113 55801 9985 92519 86538 54728 75622 36093 27639 37139 99977 16447 91754 28944 27403 93298 78825 50645 82891 33771 17311 1089 58842 84523 6913 73440 4549 81132 10503 72477 31325 7665 29254 80279 99340 17816 16474 5966 55693 91998 25885 17098 81184 39482 60360 3753 25686 99038 15044 87254 48962 80026 84222 57129 86728 23318 33045 2627 6978 27002 38206 65058 86038 47756 85803 45996 25930 55313 30010 20240 87226 
66228 33594 48239 21069 79482 40682 68321 99726 13728 41157 30362 53245 41185 14821 89190 67226 2425 51734 39581 60429 96454 25690 37805 51725 41033 7478 41005 37870 70656 62269 33993 90599 2182 12345 57746 12799 39083 2591 58015 62055 8318 55099 61500 61189 56433 51063 19516 5671 22329 2594 68451 93866 84569 94991 80240 66956 7082 75524 62707 86746 83085 37026 37458 58646 44839 37207 92996 6466 18413 40318 35046 972 57662 97046 4562 
50352 95107 52323 62378 46683 80788 49551 96976 91019 22949 81267 40110 71425 57193 8402 82818 89242 42208 66736 81097 94998 32323 22784 33553 37484 54335 43148 10494 56698 88238 86198 30508 96593 32659 89642 13277 81079 1696 95072 55785 61078 7963 52123 73363 19826 19850 13036 99524 74481 71832 27236 19571 92139 25590 34789 19887 89782 64718 57925 26182 59918 93015 77327 49043 88301 13100 54570 29116 96479 56913 25988 53081 97625 14307 96589 
32459 24020 70567 17407 3083 50173 35313 36173 3406 20604 43894 42764 97874 42353 76082 82501 50015 79940 39077 95854 20465 3961 1397 37311 3321 59324 82825 14467 35314 39198 56537 52917 57182 13404 41735 37265 74496 8123 19490 24398 34624 10325 89735 18759 90002 27325 48698 82361 4421 80983 22346 99022 49063 94781 1337 24569 1392 35585 96441 4836 44960 94037 12281 15861 74616 61640 61271 67809 25834 89016 90879 85357 85339 37351 94657 
83015 7222 15679 40762 57843 45164 44130 16350 21813 82002 64705 77803 58195 10291 92492 47120 19916 60920 71357 75671 26795 22761 12633 50899 23068 94310 26969 45794 93192 70853 24906 85697 44538 44200 86608 25355 87160 65265 5585 72200 28700 32758 26128 40186 23810 9629 59303 34160 33086 98790 12657 77107 40670 98403 17511 56926 28777 63240 18447 9816 84845 69030 96541 87871 90441 15201 16 34754 18879 82053 14789 41077 17829 70165 91527 
56074 64983 85112 98488 98837 27983 94961 68083 76834 53737 12875 93836 86828 1905 7240 75521 31712 10170 33539 32450 53216 27325 33688 47937 52835 10209 53106 590 60309 17934 17415 295 50305 29094 98924 47397 54564 4387 75611 77461 87809 35208 74547 16543 49551 76475 54660 1935 20642 24199 64446 5153 18285 88238 74922 45958 97875 64220 48091 87482 61554 31409 78025 77791 46827 73419 44773 81983 41885 10539 91617 66098 11240 63688 85856 
10379 50223 69223 41846 23063 5419 87046 74525 23 74679 8062 67379 92531 31071 26257 75728 53520 85849 18597 80302 78656 66939 76426 27254 89555 4407 78864 90911 47146 42424 72245 3707 53923 67173 94533 30193 45332 77552 78841 68679 62621 11507 928 2491 31065 46241 43811 44797 23577 44750 41807 92789 40649 76381 30897 25649 31834 15272 91266 30949 2912 45860 15588 85540 50745 42536 59318 74517 33657 35990 61969 73972 15921 83499 27174 
45390 37502 46824 33882 5741 86832 67583 83855 38384 71644 63053 59416 31099 19770 40241 84759 4438 49397 10181 64920 27201 7313 77076 53269 47258 76021 1314 83528 58536 1280 45284 83970 7389 76103 40839 1548 13863 43828 47122 59475 192 74190 54449 47920 60653 98209 3609 90375 39099 44951 49486 49047 34948 29812 78147 70506 94443 98094 10900 75743 43034 58986 46990 31229 10824 13680 30815 35850 95646 5094 38206 34117 46302 28394 41856 
20374 332 48965 10801 12856 80796 100000 23420 71380 57946 75042 92615 83465 15821 79885 82564 53162 54685 78950 42773 47599 49797 43263 60984 63363 1535 39600 93883 84966 35890 13124 75222 34380 16453 45966 89931 26602 92775 87848 15830 49549 17852 2168 80898 11877 73353 30456 93211 21593 4138 84941 95780 62032 31664 67880 50623 17309 86968 80601 79343 2127 82819 13680 14538 360 80972 99417 57027 77661 13808 4714 56962 52393 95616 52359 
28536 56098 76655 86690 15116 77797 98135 62478 91053 40304 69805 58557 93461 75851 20379 17843 89295 19571 84223 99503 13738 49480 57870 68745 33222 83836 12678 80689 49663 55719 60173 31267 69086 72676 45327 9981 5752 78935 16736 90885 58924 83983 65479 72771 43792 9423 97344 88073 35450 89489 3168 41971 58638 7854 32912 99194 80196 54181 63232 17988 50450 30126 77531 25236 55929 49594 98397 99256 17014 48859 29542 60179 7052 82607 67479 
84626 37796 13394 77488 76560 19189 27598 17297 15444 44940 43776 84076 634 75638 54951 11829 61627 50047 59567 15203 76236 97630 79929 24918 65529 46935 79512 60825 79442 84231 12701 78268 68330 70326 60080 26113 23903 90693 27768 61441 27708 62160 67901 3992 94849 94268 73761 64786 82441 54280 82900 34981 86157 96357 32281 49762 17641 96913 66416 13977 54274 901 78725 15329 63009 37099 62194 77710 56583 20271 3891 35408 77266 94880 35718 
64736 23016 5185 28323 99967 50393 96624 74090 75857 31543 96648 67587 46913 20040 54146 98126 90690 66839 17999 52925 30005 31877 77543 25233 30033 64287 17398 32603 32668 45437 86828 28918 69055 84464 27867 90987 33729 93760 19510 44039 90534 61447 60451 1237 16832 96231 68412 42764 2715 85785 44527 43689 19532 26539 82156 70284 9321 66303 83982 14364 14666 95859 59423 61960 43718 66205 50595 47157 92104 52893 9980 6683 52800 30910 16988 
48484 99558 41081 73088 53429 18856 73629 91095 18798 8563 89552 5815 42738 60618 10144 33119 54935 18054 19780 32438 12637 13819 16343 88797 12409 588 84401 61198 84635 17525 49270 681 59236 10341 95374 49427 27731 47675 98236 21765 75845 57600 68489 79064 99267 95433 60694 7007 17030 49759 86880 26837 73120 87186 85036 43522 52374 64231 68534 22549 57866 68100 51034 27031 68803 16775 80026 77607 43013 79095 75917 36517 3417 66603 72231 
2068 51768 17569 90808 7051 3226 42646 67254 84425 66335 4440 55090 24657 6197 66595 12021 56654 49244 60097 40101 125 13513 59498 30712 79308 80150 28950 55970 46027 81300 64323 53551 13709 68497 63159 71705 66719 52200 99241 41659 37479 86157 54317 4669 68463 97252 40869 35673 53148 85644 63933 1054 13364 28301 12369 36356 45902 60166 89705 18823 27575 53289 51608 55246 55189 39906 17046 59970 44977 29931 34062 11331 42117 69284 93464 
21671 30531 47744 23204 33712 12501 74912 46485 22703 88657 40945 25873 70735 94926 19107 17227 16827 42669 68574 24910 62111 82401 23741 81868 25212 84625 67630 19446 4428 3224 70581 14777 79615 157 13024 57662 25080 10424 80410 58899 2908 35273 21970 58809 39574 96384 70337 29519 75450 91199 41440 59946 49662 68105 25730 82090 80562 71727 95095 39861 68864 83364 26870 32421 65669 63512 4430 87211 34533 26426 77538 9372 506 77940 60860 
38845 80588 15815 82374 3297 19937 84250 9237 85925 64685 34721 67506 92686 35980 86011 20520 30462 75196 1841 80881 3751 8346 11090 84932 38949 81105 32653 95077 6238 90372 36617 42191 6564 1212 69730 85627 10113 68599 18099 72079 97521 7178 10847 17803 69149 54530 31704 89673 75120 70802 54822 86936 25869 19149 49550 18997 28851 40660 81794 21033 26073 65845 79167 23553 98037 24027 278 86744 99914 15118 1629 4262 36893 97784 73541 
33161 79781 4018 4930 67428 34862 49873 55399 24720 4357 4339 85628 32986 40844 97218 85929 52562 12049 81669 4207 85423 79759 2222 80296 23750 9851 14426 65205 27302 85236 84286 3904 78979 399 25097 95930 58425 37071 47162 23565 15328 29358 15146 38039 93675 87461 95303 96553 80716 69281 17594 62103 16093 51277 46064 48449 88533 2352 37066 18188 93358 79667 50228 21217 7097 52793 57381 55272 89317 99902 96021 7948 23577 60107 35841 
43425 88531 74290 78288 2098 10270 58564 12189 31585 70801 22775 80976 45028 96645 82029 91839 57056 2248 42125 19997 26167 28540 98034 20435 21489 12611 4328 15683 87581 97666 44461 91289 60204 78264 60820 96220 17803 22554 79374 78863 98598 62911 30030 14655 30742 24632 7509 75662 76399 85752 93529 19612 7932 9629 44043 86997 29818 17446 24446 94071 83021 83055 52698 48366 69083 6527 288 75453 574 65958 90371 47337 22991 75924 74739 
34855 16777 49001 51616 80080 42831 4414 91735 73420 14571 91356 7087 39394 53757 72977 84339 50088 93176 84232 74111 56345 44702 50306 86080 35934 57177 13542 75490 5850 41946 71915 50015 6544 51404 66657 59479 21804 46041 39147 13877 5152 86133 37143 72437 29293 16651 23411 80301 74944 87105 5637 59220 1633 85886 13400 95465 89186 54996 53214 94571 98129 28996 18405 85364 54317 44709 17528 87378 49797 97067 55759 6153 21993 28317 76963 
88977 46718 61675 33815 98678 96755 23889 13745 86431 29396 15462 18854 67989 46525 474 56847 83141 70948 14860 21002 4319 91368 10098 70560 90379 16705 76305 74252 34723 42355 74769 22110 79090 16039 38179 31638 25369 97422 47697 28665 67865 99632 97699 70710 21139 92270 41098 1406 20535 20878 28247 36642 65256 77581 89666 95869 38803 68864 9732 36857 10062 75864 51474 45527 44392 77250 14938 94493 33424 66129 44977 91032 34268 12039 55590 
55743 38245 88799 72138 86155 52941 56353 47411 93920 26871 71574 94417 94303 58075 70751 64638 3767 1722 1391 19255 19915 57399 265 16672 64087 7563 91698 11835 92338 17543 89921 5449 35967 64431 76037 52822 67833 44090 15652 15464 93645 93665 5409 76997 59867 40617 50399 52152 56571 8563 60570 87743 98304 39263 59411 64043 24299 62244 72915 20727 48246 2900 25649 52289 79951 66611 96814 52064 49299 50307 64913 60266 93194 65522 32451 
48937 25651 78298 15428 99721 13385 12372 27837 78284 67930 57744 92279 89873 64452 35510 12054 94440 13642 62442 95869 52214 34744 72197 28227 9932 42641 41831 35782 72866 91662 24372 70773 91412 52991 72060 91486 28880 93869 71463 49229 33892 58798 9400 15454 19326 74404 7699 82528 86371 265 18413 49458 56603 21433 44427 45253 44342 494 99393 95969 24830 32495 54130 11199 76308 69402 25069 42999 21994 22310 90786 13690 80064 46620 31680 
31068 36817 29588 87654 43821 51046 55767 22415 69343 20249 23302 13507 71854 66523 31680 29272 10242 93958 38414 79608 91767 1594 39570 98260 29844 72160 83538 88405 28776 94776 39742 57388 24748 11313 84216 63110 70007 71673 274 11393 13048 32567 22938 48928 58349 73301 54606 51444 86547 47733 9823 81969 77356 13198 21598 42790 79365 91798 39504 52294 13522 26243 40010 79976 73490 45703 88724 43149 14931 49374 82663 41399 8812 66170 72086 
28237 18088 85114 85449 18884 37817 16974 9452 10531 96787 63125 17786 40361 48490 47286 99604 78239 41171 41033 19020 93544 65466 29967 48908 53928 63639 88361 37464 48540 43052 77394 53124 71607 49160 97053 79252 10680 14269 67298 9220 34189 28868 46400 24682 39877 20978 48956 35857 11557 54241 52655 71781 72403 75327 40186 55505 89679 39714 42266 74847 91865 74717 85555 8864 9975 49847 72990 46178 97882 77447 6866 50340 23461 38226 43763 
26980 27575 53888 62519 50607 15767 62107 36235 60959 84049 3409 38412 52844 99855 35508 12755 74364 59600 72671 96051 63432 16214 55162 69561 92786 97777 31776 16027 36459 42283 94752 31990 52397 61828 40719 60354 53282 64490 64469 26074 21052 37609 47185 20667 34420 4003 77576 32930 88156 34189 23604 10236 51464 51261 46794 35989 52587 46593 56598 41952 27791 88645 79531 87710 54030 22777 15383 47916 88097 13214 33374 88515 8519 65959 9417 
61616 54228 34820 71155 3900 57144 29209 77656 44101 63755 17202 54552 26109 7235 44638 48151 4902 72468 58066 72062 71114 64133 83373 71000 20487 92224 41737 84148 38294 32228 17505 29613 51647 51869 32298 25476 7156 36811 57337 8075 66132 44006 87089 41008 89826 59273 34826 18105 27383 73482 60810 7710 47477 80850 88836 52413 83762 64631 82063 3463 34281 1598 29920 77993 88059 31083 23885 55783 63600 79496 72291 76248 37554 82122 62884 
90043 81427 64274 13418 45205 73821 61364 85774 44862 47862 99094 59083 37331 24128 43810 80611 37395 90943 72411 38971 61353 86064 58591 19429 138 4678 35496 64576 66215 63203 53264 77624 80892 18033 43172 95793 73100 55630 8683 81118 1617 81367 41184 44868 42295 53474 93063 20072 86228 54495 85388 49135 70979 75349 67507 18580 58221 12518 43457 62929 13992 59338 41238 56979 32252 21160 30380 26532 87496 56468 83517 66498 27987 71999 45593 
56099 23033 59115 74859 47969 25222 93403 98551 62093 95166 64212 76022 40518 53011 34266 43469 27207 55991 29936 65355 67905 44425 97874 77564 24942 82807 29334 66511 74606 69158 16790 10275 2464 73842 62469 12973 24262 31646 34127 1538 82739 89334 62605 3481 34365 79356 79906 7645 42619 9155 76456 71317 76196 69116 43393 83742 48853 31583 71966 20990 87059 20565 65389 71280 54960 18499 27043 68475 6768 58690 56332 58068 94372 96929 2799 
14013 29403 86756 23881 38397 55130 96765 56104 60040 42588 12781 50121 17229 98960 89830 48091 62535 22971 9309 71902 75797 50093 22633 66306 15174 56893 273 64837 44954 39194 65742 34967 30935 53811 87114 1624 39968 33160 16878 14098 57785 90037 66748 55320 24578 99291 17796 32767 83510 59601 96511 98390 47342 55614 36885 52608 51559 6108 14453 71339 83457 358 74894 52805 36721 45597 60805 74539 33708 3598 15162 12752 76705 28292 48209 
45311 97216 65867 69535 13554 8303 57018 21293 26326 29960 51435 94663 26601 18277 99402 66944 94553 23185 28777 53228 54434 97863 30064 79163 90086 32343 92175 87883 2238 61765 74041 99233 24996 16893 26481 72897 56782 69117 25818 53989 64594 45949 93299 56281 17899 91608 61151 46335 47451 29047 60898 47710 9870 61598 70272 27032 67573 97162 75874 8456 3619 96211 2784 54428 67182 86939 93496 64133 34816 79610 14947 6018 60381 54960 1996 
51824 61569 81329 15300 52268 26452 77254 73255 21317 57823 97967 57118 43999 53852 7612 66215 98801 30229 90959 33075 2906 16319 44973 98135 65655 69964 75037 72902 7514 85762 99356 72809 50055 19759 32745 99807 59827 22968 31841 87768 37432 4807 33510 90691 31739 80033 22734 37180 84711 85309 48322 4770 40926 20701 49660 42604 84815 36474 82952 47833 64952 47602 18364 42957 24723 8562 55555 22703 91489 36206 38590 99524 24256 64656 3003 
45291 44368 90725 84061 21860 11143 18926 74157 29067 17101 2498 37168 40486 9860 2108 73942 72869 82224 86481 91607 69281 62286 51480 22666 53932 58795 54194 31911 2798 78573 89712 47936 19129 75017 8912 89617 80127 3396 10396 7216 63924 88093 259 28184 26327 79640 14486 19406 64684 58810 98206 85558 7036 60355 99588 11862 1835 79401 93079 65974 76779 50516 11370 55343 27900 24667 13402 61378 46858 11980 83877 11461 16723 53675 78313 
56398 79999 30425 87805 91643 12414 90251 29187 63187 51476 34169 23138 33795 46199 26485 59497 35544 78498 94978 90370 98791 29182 68579 65959 90251 63408 82905 43403 47293 79154 17941 31280 11373 91332 10908 21972 41470 70902 93713 18879 38307 34931 64082 34609 88358 64403 12233 67615 43416 12463 79915 59754 96055 61273 5987 48952 26227 54417 45910 87161 27620 10908 22468 79565 67846 81181 67048 93276 21633 44043 31980 88215 58091 10627 64376 
71300 55964 65676 52441 58260 88947 95484 67831 13763 93200 80297 89920 94010 18653 61613 91243 309 75935 69538 26067 66493 73476 86170 21849 39037 77440 27502 76027 95406 62548 86512 25984 54248 9418 74249 71475 99216 92684 56077 25355 26632 64155 87164 48227 78198 97768 84124 85813 45961 36446 4881 79656 38927 9149 2566 2182 19426 65351 86627 84853 84752 30770 60845 65160 86000 49848 95474 6915 62956 36988 9872 12111 28868 50184 7968 
51636 14794 74675 11478 71776 61446 68929 7809 27253 50546 31654 35024 58261 81661 28962 83806 2854 76115 91876 6548 12466 58529 15176 38241 27450 69148 27076 50578 47448 10912 88238 62088 60702 97148 61979 83711 81245 3682 45645 99032 10227 31983 69086 23063 23784 44124 73614 99656 39528 96279 81360 68793 58718 89727 60414 81164 18998 3345 37969 98718 35277 56056 28410 16466 48876 85186 15877 67731 15369 7473 73120 7186 13021 94668 27037 
37660 40148 46774 10477 90499 16029 58679 15229 26940 61466 69024 71211 32441 38813 17740 7342 32722 5546 23321 66281 11561 63033 95160 76189 3016 92030 73875 34652 77337 7256 65536 56954 52520 81986 21142 2133 10537 5006 55561 36184 25478 27572 56252 51855 71625 73553 91715 97148 30161 45354 18653 42699 8037 63538 68375 62221 22177 55062 64799 35744 42726 36549 31707 93253 66618 85690 60062 75454 88477 87824 4882 33215 55678 6977 45611 
52813 79516 88796 8048 13478 28486 28398 60621 93407 95814 72326 67557 52249 7111 13161 54807 21673 76226 9924 99699 47267 92256 33521 86507 91510 83311 72579 83046 46320 42079 84265 17207 58776 69269 32861 16759 60191 66839 70193 8752 67338 55068 75201 64053 5283 40885 95551 27661 58657 96172 83063 27007 51469 48964 97172 6370 72475 52418 62847 33871 77751 91109 31080 90086 42354 91580 68044 10666 27925 6822 82032 60356 78549 66433 45731 
16775 93912 34952 51847 33092 93930 83544 61381 93422 72775 21770 96721 67285 25085 14426 93705 4904 87990 63157 40067 12534 75614 43048 17630 66552 80206 695 66490 49579 96100 33919 80035 2983 65385 42125 22468 40476 96998 45641 27715 14623 90267 44637 73007 41810 77760 1366 90558 68614 86676 53984 9049 45606 51965 25517 47946 45551 77866 87776 7791 75008 78455 36467 96788 30951 79258 29499 44869 11995 91750 61404 70109 69395 8769 43465 
44753 17619 96931 78884 68275 18318 36379 79576 45749 27571 73024 69560 60320 79206 35077 66016 74818 27229 56697 66332 40606 57555 12069 21060 27562 10083 86776 70281 5987 26495 62402 68647 77538 43101 96070 20321 5020 21340 25612 36426 85906 12678 16094 89926 88019 65118 4962 17012 31573 97319 461 72850 72603 60500 59007 70460 56891 84969 54306 3747 68270 7771 43919 25998 9382 59689 73777 80836 91396 7737 77367 45290 1397 51781 74823 
62368 9748 30963 87661 54964 13415 54803 61949 14508 84124 70799 3964 78287 56266 68542 89183 72776 78393 16893 28135 60346 5480 61646 56737 8307 13413 62429 39388 85667 27498 57338 27961 23187 20787 76712 7774 36917 58221 23290 46386 51956 33372 31560 30966 94 49024 777 21233 60371 97884 15504 94673 77118 27929 90268 33132 35731 43173 94541 19673 65393 13250 79357 98196 40623 62581 90704 7000 82964 46878 75200 63211 74517 73751 21388 
5367 29190 84573 29343 70570 4728 15061 16587 31047 90884 42558 90748 82776 34239 41016 2665 19205 96885 12158 39553 87985 56044 66925 91591 35587 89605 75131 72181 13160 19660 16254 15320 74238 86001 27200 46995 3613 22879 10214 17232 93734 43318 76511 20429 57377 24208 55833 40268 88753 81693 30049 10507 16967 83793 53396 90579 65952 71642 79563 85258 53041 63832 66090 56440 76868 63951 92368 34928 31120 38171 96969 87478 68011 64277 74840 
54961 2422 38667 85725 96904 41699 18940 90176 66162 11157 72964 19133 17196 5469 68193 58437 89707 26588 76340 52584 70216 79892 24465 87652 53361 49893 79961 59202 19544 39479 27563 43633 4492 43818 91530 8936 59101 16827 54523 84255 89551 4459 64541 41241 4629 40697 75363 10512 37392 66549 1399 70408 18995 52965 40999 99350 39189 61432 54959 48458 54743 31548 6338 86749 73506 14321 9489 18769 46709 89993 65562 9500 74769 66047 19790 
30631 42619 18753 86981 39214 44703 62588 15492 40407 72671 89308 94337 48728 15334 79802 76303 2514 56821 19330 41831 25039 71027 48307 86639 2169 37842 89647 58237 90519 73032 59088 67475 98139 69594 5002 21288 84789 22218 74128 13552 21167 79376 93176 80778 94248 16500 94840 72604 8727 71927 4509 7514 45333 70223 97080 75153 34063 23353 55799 63578 25282 88765 37163 13815 22335 64570 5671 67934 71370 51044 37765 4565 82252 42459 96580 
14976 49986 47137 62021 12114 16712 89393 64981 82198 77660 25132 32273 65834 33069 90114 15865 60620 35238 50329 92500 95408 70240 52427 72882 92074 43827 55061 39247 44226 26005 95284 98860 41900 40197 57980 50298 44229 18713 95553 68977 28273 51871 17347 2326 28474 43258 24519 55030 94707 85258 67488 92015 43123 73669 54600 76653 77566 12254 48006 52814 6852 41699 52552 38491 58518 73259 95287 26312 79703 75936 65484 34060 12097 20430 79866 
67809 20941 28541 58829 61107 57012 13687 77606 71181 23399 89340 13764 91794 34436 1081 66411 99982 97853 70241 53643 23003 74016 39117 98395 83326 98540 20209 53573 48170 26646 39858 25222 96582 44724 19398 45935 16716 43571 97747 66765 95346 7918 20888 64636 35737 12202 30826 60696 79018 64835 22404 29715 24947 36426 9366 12185 29878 94040 31847 33616 7183 77739 69114 53710 75682 27208 57025 34473 51643 39071 98984 50986 51461 26121 31086 
41437 29380 7489 8762 6934 94288 58238 21156 34369 84554 78709 15195 66730 68841 20316 88309 66041 36748 80304 19608 61959 78171 29897 49368 79603 89903 64668 25008 74273 61 6826 84695 91421 77060 55218 79541 29571 26828 76967 31681 99093 83679 61697 4465 55450 24458 34611 35269 69934 84691 73434 29514 13708 9243 95826 42646 13087 91892 80549 20038 81652 8266 96492 53097 96737 65823 71689 5567 39178 33444 66988 35920 77539 94163 57358 
99368 32623 47611 80055 54399 69156 35045 99404 45642 60547 95512 3321 19387 78385 10721 74097 88790 35422 440 63870 92448 78008 10501 9866 39265 25306 69975 74273 18358 59077 76691 27586 80188 11636 77119 75574 4885 75429 96959 75602 37326 64575 69712 73922 46751 20729 12271 16373 97332 17377 91704 20080 94388 6878 54736 90590 41426 84737 8340 30546 18844 63421 45124 8388 13595 59186 7470 3621 94384 5414 64959 27645 80578 45123 88493 
38073 68546 57824 993 73010 98224 58867 20518 20084 60198 11868 25843 74150 44732 6251 25191 69728 9321 79669 39443 48295 760 2151 12434 60311 13445 12844 65358 11828 95082 22449 54660 49285 70934 61609 15587 86106 94377 51259 6117 60717 56617 65958 63874 40080 38196 43222 89756 75559 72446 73425 44883 10249 83526 99337 44578 15584 60029 37113 92134 73616 70823 49744 77201 80354 2134 49958 12102 75715 62174 15262 16528 88679 20772 4156 
62389 80904 20229 12673 42670 78336 39923 43575 17133 79784 4251 78588 80836 20509 36369 11585 62217 97588 90096 48574 76873 277 62930 3262 15977 84854 24063 18092 31009 3580 96486 22502 32641 81554 52537 50581 77538 91966 32505 75590 18440 24122 69924 97036 71874 60252 97279 6526 14139 81298 92365 39226 75127 21030 91909 17991 7195 98648 59768 18084 63646 28189 31742 89056 32069 28115 33616 54620 44197 13172 44221 81252 38898 13822 21043 
5246 32184 58997 67104 27704 86143 67227 74852 54970 30067 49487 8749 51039 94176 38366 90592 70921 33027 2135 60395 90108 96034 15412 70071 68607 27440 41708 37054 25437 60764 15462 93597 8578 96727 7046 85962 225 72563 31857 45150 43489 10986 38753 77889 82071 68609 12989 25530 72924 52649 83184 94284 36234 3141 40215 87793 20097 38751 39504 43645 97957 56174 78560 36163 34454 49455 4766 36800 66034 74471 73636 52493 57772 53933 41941 
57510 622 15472 61342 58427 41677 6869 15578 85676 7808 33318 83084 30929 84375 99115 52801 60161 16986 62023 12013 25120 36153 96900 4712 5085 76511 74272 12084 67096 34722 67919 26080 66920 64958 55276 89148 12920 78618 91402 48097 62655 4305 83117 8787 63505 20954 39165 26167 95860 14563 81663 47971 73993 98543 57924 17070 80997 70590 92527 30353 57051 46172 85309 80642 54537 71773 16656 10184 54978 80606 96161 20363 13252 62646 36720 
49523 56473 62970 63641 27124 2309 9483 22875 15058 85854 40830 40731 9430 27686 83536 24199 44203 42316 95064 2364 51353 7726 3125 99562 5939 77944 65906 84328 35476 67517 9019 11925 53969 52750 44302 23979 60930 37129 83093 9701 54948 56821 10724 90250 12237 53936 78997 65188 34946 33066 44654 36824 45105 48156 70249 31185 72736 66720 16015 8922 23855 64325 29828 58115 42576 62354 15670 38388 1685 90587 59839 38946 65745 39867 14 
88571 74912 9222 28956 26994 44946 14195 75288 25774 29183 98900 38394 84775 79757 33324 22548 80248 91682 13124 69273 46728 4821 81923 3756 38477 34314 85235 54864 47861 92760 21144 13078 86059 54023 71507 49829 27542 24082 73494 8786 11996 6848 75106 76827 41567 13683 74621 72893 40073 41137 89145 47537 74135 58559 16286 34649 97095 64613 94571 57287 48793 90876 14328 95405 87958 27239 66527 34396 75585 60228 27409 38963 14167 35357 61016 
62500 50612 43842 65854 95298 61522 54683 81454 41012 94239 61078 23764 81331 61516 20560 69347 21093 48667 67113 57033 30090 51234 61653 5107 29294 39602 91192 47998 88541 42408 19300 31643 30865 18605 19376 92661 9729 82432 99166 52436 21313 48733 99640 83464 81934 4064 17165 83430 11438 27411 2462 85925 77598 59039 53390 78455 70561 66724 11201 52790 66234 10154 57375 84130 79895 52401 47614 85933 33743 76407 31532 36174 81567 74168 37794 
15899 97649 2841 27739 83412 68308 73321 97432 26892 69244 42525 37858 50498 90572 61867 82280 37 40566 6888 61039 89764 80516 48368 43038 9733 19863 86288 98505 71370 84953 14471 83611 26880 56776 81007 74185 24182 87790 17775 58602 31863 10989 82628 11483 13366 41326 10880 73371 44147 60707 89485 27324 3505 98339 24867 6401 89202 25650 18865 17527 58703 32180 95279 64887 29935 54269 85247 77329 93005 90611 8035 94271 83002 45960 10786 
657 60351 17805 42429 1673 78300 94802 26611 48739 67394 97653 45044 19859 45499 31181 56496 93064 68394 73048 69411 55462 25490 45279 45498 32869 3174 68168 91874 54838 62004 11040 73888 79057 70614 19690 88121 81647 77562 56160 41870 21814 41605 86800 14244 23471 88130 13980 39564 60142 95109 23448 1971 79736 97007 9784 85993 63985 95878 35856 3836 41196 63466 86827 7068 67508 63078 65339 62437 86450 60636 93150 67987 40638 59505 78366 
8626 21964 57360 28065 16437 59851 4331 41356 96651 50461 56756 79283 85187 52563 72736 45514 60111 6216 1066 1739 33337 2321 35 59556 58366 62566 35060 60811 90189 54815 56313 50742 10326 19367 14951 69773 79072 50762 51222 29826 17195 13282 64461 32977 89780 88331 75748 81747 13649 85034 58834 76954 35620 79552 93581 77219 40109 46220 87156 24259 6859 66413 53463 28556 92407 35297 25249 71718 67789 70251 93940 42850 43884 55631 12 
56451 84358 33930 39222 35492 18314 18435 34216 30115 12261 55211 67857 79955 54530 25301 24800 62235 45904 32995 62232 374 48459 63221 21627 95291 43274 30860 56204 41542 79429 1609 84927 38522 91686 12155 14348 63141 20488 64531 79227 1203 33838 94078 68088 83190 37264 48922 84636 73096 19653 42912 16981 84471 99714 22315 46091 5685 70176 32222 30830 18939 46862 27601 78084 23830 3392 67103 97562 27893 93859 35174 14732 61538 86285 69876 
40624 42057 59000 35326 76464 13024 94998 32677 97847 74354 72096 37150 110 64887 66077 38047 24001 64330 61246 53662 676 29972 76391 24786 77139 65377 58091 6412 45210 20415 25927 89994 41607 82689 79580 63428 61373 31627 78689 46681 18716 86 74553 83011 30246 47839 44138 40266 84550 96676 68255 87418 26589 73692 55529 9836 38351 385 24331 29324 4556 99970 15146 57851 63557 24401 22845 22924 65871 87874 96575 55829 22361 94392 98627 
90886 7064 47160 30427 3402 22529 60584 49697 58376 15187 19145 39117 57935 78417 22300 79506 61764 88296 91661 76328 44912 62980 10403 57017 16967 85248 41192 30214 58025 48742 97418 91393 49780 18412 61535 16342 63917 843 55444 59563 36225 71679 32399 80229 90377 16731 36889 48974 94228 21331 55371 11715 77452 21736 13065 79385 34659 59658 33353 18480 7997 891 21186 23407 70241 53922 25901 59374 38668 62876 53334 3716 39419 57373 35831 

